§Size (d.nm) - VB-2403-02D [Steady state]	Intensity (Percent) - VB-2403-02D [Steady state]	Size (d.nm) - VB-2403-02D [Steady state]	Intensity (Percent) - VB-2403-02D [Steady state]	Size (d.nm) - VB-2403-02D [Steady state]	Intensity (Percent) - VB-2403-02D [Steady state]	Size (d.nm) - VB-2403-02D [Steady state]	Intensity (Percent) - VB-2403-02D [Steady state]
0.3	0	0.3	0	0.3	0	0.3	0
0.3489	0	0.3489	0	0.3489	0	0.3489	0
0.4057	0	0.4057	0	0.4057	0	0.4057	0
0.4718	0	0.4718	0	0.4718	0	0.4718	0
0.5487	0	0.5487	0	0.5487	0	0.5487	0
0.6381	0	0.6381	0	0.6381	0	0.6381	0
0.742	0	0.742	0	0.742	0	0.742	0
0.8629	0	0.8629	0	0.8629	0	0.8629	0
1.003	0	1.003	0	1.003	0	1.003	0
1.167	0	1.167	0	1.167	0	1.167	0
1.357	0	1.357	0	1.357	0	1.357	0
1.578	0	1.578	0	1.578	0	1.578	0
1.835	0	1.835	0	1.835	0	1.835	0
2.134	0	2.134	0	2.134	0	2.134	0
2.482	0	2.482	0	2.482	0	2.482	0
2.886	0	2.886	0	2.886	0	2.886	0
3.357	0	3.357	0	3.357	0	3.357	0
3.903	0	3.903	0	3.903	0	3.903	0
4.539	0	4.539	0	4.539	0	4.539	0
5.279	0	5.279	0	5.279	0	5.279	0
6.139	0	6.139	0	6.139	0	6.139	0
7.139	0	7.139	0	7.139	0	7.139	0
8.302	0	8.302	0	8.302	0	8.302	0
9.655	0	9.655	0	9.655	0	9.655	0
11.23	0	11.23	0	11.23	0	11.23	0
13.06	0	13.06	0	13.06	0	13.06	0
15.18	0	15.18	0	15.18	0	15.18	0
17.66	0	17.66	0	17.66	0	17.66	0
20.53	0	20.53	0	20.53	0	20.53	0
23.88	0	23.88	0	23.88	0	23.88	0
27.77	0	27.77	0	27.77	0	27.77	0
32.3	0	32.3	0	32.3	0	32.3	0
37.56	0	37.56	0	37.56	0	37.56	0
43.68	0.07994	43.68	0	43.68	0	43.68	0
50.79	2.001	50.79	0.5776	50.79	1.007	50.79	0.6467
59.07	5.509	59.07	3.592	59.07	4.307	59.07	3.845
68.69	9.539	68.69	8.445	68.69	8.932	68.69	8.683
79.88	12.96	79.88	13.49	79.88	13.3	79.88	13.41
92.89	14.95	92.89	17.05	92.89	16.09	92.89	16.5
108	15.18	108	18.01	108	16.64	108	17.16
125.6	13.72	125.6	16.15	125.6	14.98	125.6	15.4
146.1	11.04	146.1	12.11	146.1	11.69	146.1	11.88
169.9	7.776	169.9	7.191	169.9	7.69	169.9	7.629
197.6	4.601	197.6	2.914	197.6	3.967	197.6	3.754
229.8	2.086	229.8	0.4581	229.8	1.31	229.8	1.104
267.2	0.5554	267.2	0	267.2	0.07953	267.2	0
310.7	0	310.7	0	310.7	0	310.7	0
361.3	0	361.3	0	361.3	0	361.3	0
420.2	0	420.2	0	420.2	0	420.2	0
488.7	0	488.7	0	488.7	0	488.7	0
568.3	0	568.3	0	568.3	0	568.3	0
660.9	0	660.9	0	660.9	0	660.9	0
768.5	0	768.5	0	768.5	0	768.5	0
893.8	0	893.8	0	893.8	0	893.8	0
1039	0	1039	0	1039	0	1039	0
1209	0	1209	0	1209	0	1209	0
1406	0	1406	0	1406	0	1406	0
1635	0	1635	0	1635	0	1635	0
1901	0	1901	0	1901	0	1901	0
2211	0	2211	0	2211	0	2211	0
2571	0	2571	0	2571	0	2571	0
2990	0	2990	0	2990	0	2990	0
3477	0	3477	0	3477	0	3477	0
4043	0	4043	0	4043	0	4043	0
4702	0	4702	0	4702	0	4702	0
5468	0	5468	0	5468	0	5468	0
6358	0	6358	0	6358	0	6358	0
7394	0	7394	0	7394	0	7394	0
8599	0	8599	0	8599	0	8599	0
10000	0	10000	0	10000	0	10000	0

Size (d.nm) - VB-2403-02D [Steady state]	Number (Percent) - VB-2403-02D [Steady state]	Size (d.nm) - VB-2403-02D [Steady state]	Number (Percent) - VB-2403-02D [Steady state]	Size (d.nm) - VB-2403-02D [Steady state]	Number (Percent) - VB-2403-02D [Steady state]	Size (d.nm) - VB-2403-02D [Steady state]	Number (Percent) - VB-2403-02D [Steady state]
0.3	0	0.3	0	0.3	0	0.3	0
0.3489	0	0.3489	0	0.3489	0	0.3489	0
0.4057	0	0.4057	0	0.4057	0	0.4057	0
0.4718	0	0.4718	0	0.4718	0	0.4718	0
0.5487	0	0.5487	0	0.5487	0	0.5487	0
0.6381	0	0.6381	0	0.6381	0	0.6381	0
0.742	0	0.742	0	0.742	0	0.742	0
0.8629	0	0.8629	0	0.8629	0	0.8629	0
1.003	0	1.003	0	1.003	0	1.003	0
1.167	0	1.167	0	1.167	0	1.167	0
1.357	0	1.357	0	1.357	0	1.357	0
1.578	0	1.578	0	1.578	0	1.578	0
1.835	0	1.835	0	1.835	0	1.835	0
2.134	0	2.134	0	2.134	0	2.134	0
2.482	0	2.482	0	2.482	0	2.482	0
2.886	0	2.886	0	2.886	0	2.886	0
3.357	0	3.357	0	3.357	0	3.357	0
3.903	0	3.903	0	3.903	0	3.903	0
4.539	0	4.539	0	4.539	0	4.539	0
5.279	0	5.279	0	5.279	0	5.279	0
6.139	0	6.139	0	6.139	0	6.139	0
7.139	0	7.139	0	7.139	0	7.139	0
8.302	0	8.302	0	8.302	0	8.302	0
9.655	0	9.655	0	9.655	0	9.655	0
11.23	0	11.23	0	11.23	0	11.23	0
13.06	0	13.06	0	13.06	0	13.06	0
15.18	0	15.18	0	15.18	0	15.18	0
17.66	0	17.66	0	17.66	0	17.66	0
20.53	0	20.53	0	20.53	0	20.53	0
23.88	0	23.88	0	23.88	0	23.88	0
27.77	0	27.77	0	27.77	0	27.77	0
32.3	0	32.3	0	32.3	0	32.3	0
37.56	0.5995	37.56	0	37.56	0	37.56	0
43.68	7.41	43.68	2.571	43.68	3.961	43.68	2.792
50.79	20.16	50.79	11.82	50.79	14.99	50.79	12.51
59.07	25.7	59.07	22.55	59.07	24.3	59.07	23.26
68.69	20.62	68.69	24.48	68.69	23.42	68.69	24.53
79.88	12.86	79.88	18.26	79.88	16.23	79.88	17.75
92.89	6.855	92.89	10.83	92.89	9.178	92.89	10.26
108	3.29	108	5.494	108	4.532	108	5.112
125.6	1.469	125.6	2.475	125.6	2.032	125.6	2.293
146.1	0.6267	146.1	1.009	146.1	0.8494	146.1	0.951
169.9	0.2631	169.9	0.3714	169.9	0.3376	169.9	0.3709
197.6	0.1085	197.6	0.1173	197.6	0.1253	197.6	0.1329
229.8	0.03843	229.8	0.02573	229.8	0.03688	229.8	0.03683
267.2	0.009177	267.2	0.00216	267.2	0.005882	267.2	0.005047
310.7	0.001161	310.7	0	310.7	0.0002107	310.7	0
361.3	0	361.3	0	361.3	0	361.3	0
420.2	0	420.2	0	420.2	0	420.2	0
488.7	0	488.7	0	488.7	0	488.7	0
568.3	0	568.3	0	568.3	0	568.3	0
660.9	0	660.9	0	660.9	0	660.9	0
768.5	0	768.5	0	768.5	0	768.5	0
893.8	0	893.8	0	893.8	0	893.8	0
1039	0	1039	0	1039	0	1039	0
1209	0	1209	0	1209	0	1209	0
1406	0	1406	0	1406	0	1406	0
1635	0	1635	0	1635	0	1635	0
1901	0	1901	0	1901	0	1901	0
2211	0	2211	0	2211	0	2211	0
2571	0	2571	0	2571	0	2571	0
2990	0	2990	0	2990	0	2990	0
3477	0	3477	0	3477	0	3477	0
4043	0	4043	0	4043	0	4043	0
4702	0	4702	0	4702	0	4702	0
5468	0	5468	0	5468	0	5468	0
6358	0	6358	0	6358	0	6358	0
7394	0	7394	0	7394	0	7394	0
8599	0	8599	0	8599	0	8599	0
10000	0	10000	0	10000	0	10000	0

Time (µs) - VB-2403-02D [Steady state]	Correlation Coefficient (g₂-1) - VB-2403-02D [Steady state]	Time (µs) - VB-2403-02D [Steady state]	Correlation Coefficient (g₂-1) - VB-2403-02D [Steady state]	Time (µs) - VB-2403-02D [Steady state]	Correlation Coefficient (g₂-1) - VB-2403-02D [Steady state]	Time (µs) - VB-2403-02D [Steady state]	Correlation Coefficient (g₂-1) - VB-2403-02D [Steady state]
0.0875	0.9711	0.0875	0.965	0.0875	0.9725	0.0875	0.9663
0.1	0.9643	0.1	0.9713	0.1	0.9704	0.1	0.9592
0.1125	0.9617	0.1125	0.9746	0.1125	0.9675	0.1125	0.9548
0.125	0.9613	0.125	0.9697	0.125	0.9717	0.125	0.9548
0.1375	0.9602	0.1375	0.9669	0.1375	0.9668	0.1375	0.9551
0.15	0.9622	0.15	0.9636	0.15	0.9632	0.15	0.9573
0.1625	0.9615	0.1625	0.9665	0.1625	0.9569	0.1625	0.9586
0.175	0.9592	0.175	0.964	0.175	0.957	0.175	0.9564
0.1875	0.9578	0.1875	0.9642	0.1875	0.9616	0.1875	0.9537
0.2	0.9596	0.2	0.9633	0.2	0.9593	0.2	0.9497
0.2125	0.9605	0.2125	0.967	0.2125	0.9585	0.2125	0.9485
0.225	0.9585	0.225	0.968	0.225	0.9582	0.225	0.947
0.2375	0.956	0.2375	0.9683	0.2375	0.9598	0.2375	0.9485
0.25	0.9561	0.25	0.9664	0.25	0.9589	0.25	0.9499
0.2625	0.9524	0.2625	0.9615	0.2625	0.9586	0.2625	0.9492
0.275	0.9504	0.275	0.9577	0.275	0.958	0.275	0.9511
0.2875	0.9526	0.2875	0.9557	0.2875	0.957	0.2875	0.9497
0.3	0.9544	0.3	0.9566	0.3	0.9546	0.3	0.9541
0.3125	0.9568	0.3125	0.9587	0.3125	0.9591	0.3125	0.9523
0.325	0.953	0.325	0.9589	0.325	0.9614	0.325	0.951
0.3375	0.9526	0.3375	0.9602	0.3375	0.9634	0.3375	0.9475
0.35	0.9516	0.35	0.9612	0.35	0.9573	0.35	0.9471
0.3625	0.9539	0.3625	0.9627	0.3625	0.9581	0.3625	0.9494
0.375	0.9518	0.375	0.9612	0.375	0.9521	0.375	0.9482
0.3875	0.9547	0.3875	0.9588	0.3875	0.9568	0.3875	0.9471
0.4	0.9542	0.4	0.9567	0.4	0.954	0.4	0.9468
0.425	0.9583	0.425	0.9592	0.425	0.9562	0.425	0.9463
0.45	0.9532	0.45	0.9579	0.45	0.9525	0.45	0.9475
0.475	0.9531	0.475	0.9572	0.475	0.9535	0.475	0.9458
0.5	0.9522	0.5	0.9556	0.5	0.9536	0.5	0.948
0.525	0.9535	0.525	0.9554	0.525	0.9541	0.525	0.9461
0.55	0.9535	0.55	0.9567	0.55	0.9515	0.55	0.9476
0.575	0.9536	0.575	0.9539	0.575	0.9498	0.575	0.9492
0.6	0.9536	0.6	0.955	0.6	0.947	0.6	0.9519
0.625	0.9524	0.625	0.9538	0.625	0.9465	0.625	0.9496
0.65	0.95	0.65	0.9561	0.65	0.9481	0.65	0.9482
0.675	0.9503	0.675	0.9569	0.675	0.9496	0.675	0.9443
0.7	0.9484	0.7	0.9567	0.7	0.9521	0.7	0.9435
0.725	0.9493	0.725	0.9565	0.725	0.9514	0.725	0.9428
0.75	0.9478	0.75	0.9549	0.75	0.9492	0.75	0.942
0.775	0.95	0.775	0.9548	0.775	0.9479	0.775	0.944
0.8	0.95	0.8	0.9536	0.8	0.9471	0.8	0.9434
0.85	0.9504	0.85	0.9535	0.85	0.9497	0.85	0.9444
0.9	0.9503	0.9	0.9533	0.9	0.9487	0.9	0.9428
0.95	0.9514	0.95	0.9537	0.95	0.9486	0.95	0.9429
1	0.9512	1	0.9517	1	0.9485	1	0.9429
1.05	0.9485	1.05	0.9508	1.05	0.9492	1.05	0.9428
1.1	0.9464	1.1	0.9492	1.1	0.9501	1.1	0.9421
1.15	0.945	1.15	0.9495	1.15	0.9485	1.15	0.9412
1.2	0.9463	1.2	0.9486	1.2	0.9479	1.2	0.9399
1.25	0.9472	1.25	0.9482	1.25	0.9454	1.25	0.9397
1.3	0.9478	1.3	0.9478	1.3	0.9473	1.3	0.9399
1.35	0.9457	1.35	0.948	1.35	0.9453	1.35	0.9389
1.4	0.9441	1.4	0.9484	1.4	0.9451	1.4	0.9385
1.45	0.9429	1.45	0.9488	1.45	0.9426	1.45	0.9386
1.5	0.9427	1.5	0.9486	1.5	0.9456	1.5	0.94
1.55	0.944	1.55	0.9482	1.55	0.9485	1.55	0.9399
1.6	0.9437	1.6	0.948	1.6	0.9503	1.6	0.9405
1.7	0.9446	1.7	0.9463	1.7	0.9471	1.7	0.9387
1.8	0.9426	1.8	0.9458	1.8	0.9459	1.8	0.9376
1.9	0.9422	1.9	0.9456	1.9	0.9443	1.9	0.9357
2	0.9411	2	0.9456	2	0.9442	2	0.9361
2.1	0.9398	2.1	0.9448	2.1	0.9432	2.1	0.9351
2.2	0.9398	2.2	0.9444	2.2	0.9408	2.2	0.9344
2.3	0.9391	2.3	0.9438	2.3	0.9393	2.3	0.9341
2.4	0.9396	2.4	0.944	2.4	0.9383	2.4	0.9333
2.5	0.9392	2.5	0.9419	2.5	0.937	2.5	0.9317
2.6	0.9393	2.6	0.9422	2.6	0.937	2.6	0.9306
2.7	0.9384	2.7	0.9418	2.7	0.9356	2.7	0.9296
2.8	0.9377	2.8	0.9434	2.8	0.9373	2.8	0.9302
2.9	0.9354	2.9	0.9421	2.9	0.9367	2.9	0.9286
3	0.935	3	0.9406	3	0.9367	3	0.9294
3.1	0.9341	3.1	0.938	3.1	0.9357	3.1	0.9267
3.2	0.9342	3.2	0.9373	3.2	0.9349	3.2	0.9266
3.4	0.9332	3.4	0.9366	3.4	0.9339	3.4	0.9252
3.6	0.9322	3.6	0.9352	3.6	0.9329	3.6	0.9257
3.8	0.931	3.8	0.934	3.8	0.9309	3.8	0.9249
4	0.9297	4	0.9321	4	0.9294	4	0.9224
4.2	0.9278	4.2	0.9322	4.2	0.928	4.2	0.9206
4.4	0.9267	4.4	0.9308	4.4	0.9287	4.4	0.9198
4.6	0.9254	4.6	0.93	4.6	0.9277	4.6	0.9189
4.8	0.9254	4.8	0.9283	4.8	0.9269	4.8	0.9181
5	0.9235	5	0.9274	5	0.9247	5	0.9165
5.2	0.9214	5.2	0.9266	5.2	0.9237	5.2	0.9147
5.4	0.9186	5.4	0.9257	5.4	0.9221	5.4	0.9136
5.6	0.9174	5.6	0.924	5.6	0.9202	5.6	0.9123
5.8	0.9169	5.8	0.9227	5.8	0.9185	5.8	0.9119
6	0.9163	6	0.9207	6	0.9167	6	0.9105
6.2	0.9159	6.2	0.9191	6.2	0.9159	6.2	0.9092
6.4	0.9146	6.4	0.9173	6.4	0.9151	6.4	0.908
6.8	0.9118	6.8	0.9153	6.8	0.9131	6.8	0.9062
7.2	0.9092	7.2	0.9135	7.2	0.9105	7.2	0.9044
7.6	0.9068	7.6	0.9113	7.6	0.9077	7.6	0.902
8	0.9039	8	0.9085	8	0.9056	8	0.8997
8.4	0.9014	8.4	0.906	8.4	0.903	8.4	0.8963
8.8	0.8994	8.8	0.9033	8.8	0.9005	8.8	0.8939
9.2	0.897	9.2	0.9012	9.2	0.8979	9.2	0.8911
9.6	0.8939	9.6	0.8992	9.6	0.8953	9.6	0.8893
10	0.891	10	0.8972	10	0.8926	10	0.8869
10.4	0.8886	10.4	0.8944	10.4	0.8906	10.4	0.8844
10.8	0.8869	10.8	0.892	10.8	0.8888	10.8	0.8822
11.2	0.8844	11.2	0.8887	11.2	0.8869	11.2	0.8798
11.6	0.8825	11.6	0.8871	11.6	0.8843	11.6	0.8775
12	0.8796	12	0.8849	12	0.8816	12	0.8751
12.4	0.8771	12.4	0.8835	12.4	0.8792	12.4	0.8729
12.8	0.8748	12.8	0.8809	12.8	0.8766	12.8	0.8706
13.6	0.8703	13.6	0.8753	13.6	0.8719	13.6	0.8655
14.4	0.8656	14.4	0.8702	14.4	0.8674	14.4	0.8608
15.2	0.8607	15.2	0.8654	15.2	0.863	15.2	0.8566
16	0.8559	16	0.8607	16	0.8583	16	0.8524
16.8	0.8512	16.8	0.8561	16.8	0.854	16.8	0.8476
17.6	0.8463	17.6	0.8522	17.6	0.8492	17.6	0.8432
18.4	0.8421	18.4	0.8477	18.4	0.8449	18.4	0.8381
19.2	0.8378	19.2	0.8434	19.2	0.8402	19.2	0.8339
20	0.8334	20	0.8388	20	0.8359	20	0.8295
20.8	0.8292	20.8	0.8343	20.8	0.8318	20.8	0.8255
21.6	0.8249	21.6	0.8296	21.6	0.8274	21.6	0.8212
22.4	0.8205	22.4	0.8252	22.4	0.8232	22.4	0.8168
23.2	0.8162	23.2	0.8208	23.2	0.8189	23.2	0.8125
24	0.8118	24	0.8161	24	0.8143	24	0.8082
24.8	0.8073	24.8	0.8115	24.8	0.8099	24.8	0.8043
25.6	0.8027	25.6	0.8071	25.6	0.8052	25.6	0.8
27.2	0.7944	27.2	0.7989	27.2	0.7968	27.2	0.7916
28.8	0.7861	28.8	0.7906	28.8	0.7881	28.8	0.7832
30.4	0.7777	30.4	0.7825	30.4	0.7797	30.4	0.7753
32	0.7689	32	0.7739	32	0.7714	32	0.7671
33.6	0.7606	33.6	0.7656	33.6	0.7633	33.6	0.7589
35.2	0.7526	35.2	0.7572	35.2	0.7554	35.2	0.7508
36.8	0.7447	36.8	0.749	36.8	0.7473	36.8	0.743
38.4	0.7368	38.4	0.7412	38.4	0.7396	38.4	0.7355
40	0.7287	40	0.7333	40	0.7319	40	0.7278
41.6	0.7209	41.6	0.7254	41.6	0.7241	41.6	0.7204
43.2	0.7132	43.2	0.7177	43.2	0.7165	43.2	0.7126
44.8	0.7057	44.8	0.7104	44.8	0.7088	44.8	0.705
46.4	0.6983	46.4	0.7032	46.4	0.7016	46.4	0.6977
48	0.6909	48	0.6956	48	0.6942	48	0.6906
49.6	0.6838	49.6	0.688	49.6	0.687	49.6	0.6835
51.2	0.6764	51.2	0.6807	51.2	0.6797	51.2	0.6763
54.4	0.6623	54.4	0.6664	54.4	0.6651	54.4	0.6622
57.6	0.6484	57.6	0.6524	57.6	0.651	57.6	0.6485
60.8	0.6349	60.8	0.6387	60.8	0.6374	60.8	0.6351
64	0.6216	64	0.6254	64	0.6245	64	0.6221
67.2	0.6088	67.2	0.6123	67.2	0.6117	67.2	0.6092
70.4	0.596	70.4	0.5996	70.4	0.599	70.4	0.5966
73.6	0.5836	73.6	0.587	73.6	0.5865	73.6	0.5841
76.8	0.5715	76.8	0.5748	76.8	0.5742	76.8	0.5719
80	0.5594	80	0.5628	80	0.5624	80	0.5602
83.2	0.5479	83.2	0.5512	83.2	0.5506	83.2	0.549
86.4	0.5363	86.4	0.5399	86.4	0.5394	86.4	0.5379
89.6	0.5253	89.6	0.5289	89.6	0.5284	89.6	0.527
92.8	0.5141	92.8	0.518	92.8	0.5177	92.8	0.5162
96	0.5036	96	0.5074	96	0.5071	96	0.5058
99.2	0.493	99.2	0.4969	99.2	0.4966	99.2	0.4955
102.4	0.4832	102.4	0.4868	102.4	0.4865	102.4	0.4854
108.8	0.4637	108.8	0.467	108.8	0.4667	108.8	0.466
115.2	0.4451	115.2	0.4481	115.2	0.4479	115.2	0.4475
121.6	0.4271	121.6	0.4299	121.6	0.4301	121.6	0.4296
128	0.4098	128	0.4125	128	0.413	128	0.4127
134.4	0.3932	134.4	0.3959	134.4	0.3965	134.4	0.3962
140.8	0.3774	140.8	0.3799	140.8	0.3805	140.8	0.3806
147.2	0.3621	147.2	0.3645	147.2	0.3651	147.2	0.3653
153.6	0.3476	153.6	0.3498	153.6	0.3504	153.6	0.3509
160	0.3336	160	0.3358	160	0.3364	160	0.337
166.4	0.3204	166.4	0.3226	166.4	0.3228	166.4	0.3238
172.8	0.3078	172.8	0.3098	172.8	0.31	172.8	0.3111
179.2	0.2957	179.2	0.2975	179.2	0.2977	179.2	0.2989
185.6	0.2842	185.6	0.2857	185.6	0.2861	185.6	0.2874
192	0.2733	192	0.2742	192	0.275	192	0.2762
198.4	0.2628	198.4	0.2635	198.4	0.2642	198.4	0.2657
204.8	0.2528	204.8	0.2532	204.8	0.2542	204.8	0.2557
217.6	0.2339	217.6	0.234	217.6	0.2352	217.6	0.2368
230.4	0.2163	230.4	0.2159	230.4	0.2175	230.4	0.219
243.2	0.2	243.2	0.1993	243.2	0.2012	243.2	0.2024
256	0.1848	256	0.1838	256	0.1862	256	0.1872
268.8	0.1709	268.8	0.1696	268.8	0.1725	268.8	0.1732
281.6	0.158	281.6	0.1566	281.6	0.16	281.6	0.1605
294.4	0.1465	294.4	0.1446	294.4	0.1484	294.4	0.1489
307.2	0.1359	307.2	0.1335	307.2	0.1376	307.2	0.1383
320	0.1262	320	0.1233	320	0.1276	320	0.1285
332.8	0.1172	332.8	0.1139	332.8	0.1183	332.8	0.1194
345.6	0.1089	345.6	0.1051	345.6	0.1097	345.6	0.1109
358.4	0.1012	358.4	0.09703	358.4	0.102	358.4	0.103
371.2	0.09432	371.2	0.08956	371.2	0.09478	371.2	0.09571
384	0.08792	384	0.08274	384	0.0883	384	0.08909
396.8	0.08198	396.8	0.07643	396.8	0.08219	396.8	0.08298
409.6	0.07647	409.6	0.07088	409.6	0.0767	409.6	0.07755
435.2	0.06689	435.2	0.06109	435.2	0.06666	435.2	0.06791
460.8	0.05848	460.8	0.05261	460.8	0.05778	460.8	0.0595
486.4	0.05135	486.4	0.04543	486.4	0.05004	486.4	0.05218
512	0.04512	512	0.03933	512	0.04348	512	0.04563
537.6	0.03958	537.6	0.03412	537.6	0.03759	537.6	0.0398
563.2	0.03459	563.2	0.02958	563.2	0.03247	563.2	0.03467
588.8	0.03017	588.8	0.02572	588.8	0.02807	588.8	0.03021
614.4	0.02643	614.4	0.02235	614.4	0.02446	614.4	0.0263
640	0.02326	640	0.01954	640	0.02131	640	0.02292
665.6	0.02054	665.6	0.01721	665.6	0.0184	665.6	0.02006
691.2	0.01818	691.2	0.01533	691.2	0.01588	691.2	0.01762
716.8	0.01614	716.8	0.0138	716.8	0.01378	716.8	0.01558
742.4	0.01436	742.4	0.01258	742.4	0.01217	742.4	0.01377
768	0.01291	768	0.01153	768	0.0107	768	0.01222
793.6	0.01163	793.6	0.01051	793.6	0.009433	793.6	0.0109
819.2	0.01052	819.2	0.009505	819.2	0.008229	819.2	0.01009
870.4	0.008257	870.4	0.007696	870.4	0.006417	870.4	0.009048
921.6	0.006361	921.6	0.006336	921.6	0.005157	921.6	0.008275
972.8	0.004827	972.8	0.005422	972.8	0.004629	972.8	0.00749
1024	0.003939	1024	0.004867	1024	0.004536	1024	0.00697
1075	0.003381	1075	0.004597	1075	0.004565	1075	0.006635
1126	0.003182	1126	0.004447	1126	0.004538	1126	0.006575
1178	0.003178	1178	0.004285	1178	0.004473	1178	0.006413
1229	0.003401	1229	0.003925	1229	0.004324	1229	0.006096
1280	0.003831	1280	0.003651	1280	0.004033	1280	0.005411
1331	0.004322	1331	0.003627	1331	0.003628	1331	0.004777
1382	0.004868	1382	0.003835	1382	0.003243	1382	0.004501
1434	0.005293	1434	0.004074	1434	0.003053	1434	0.004744
1485	0.005579	1485	0.004188	1485	0.002959	1485	0.005318
1536	0.005565	1536	0.004182	1536	0.002957	1536	0.005729
1587	0.005325	1587	0.004102	1587	0.003273	1587	0.005914
1638	0.005132	1638	0.003898	1638	0.00364	1638	0.005705
1741	0.004758	1741	0.003507	1741	0.004141	1741	0.004858
1843	0.004171	1843	0.003155	1843	0.003722	1843	0.004083
1946	0.003058	1946	0.0028	1946	0.003196	1946	0.003771
2048	0.002143	2048	0.002455	2048	0.003016	2048	0.003833
2150	0.001591	2150	0.002063	2150	0.003281	2150	0.003864
2253	0.00169	2253	0.001656	2253	0.003492	2253	0.003659
2355	0.002129	2355	0.001556	2355	0.003616	2355	0.003079
2458	0.002704	2458	0.001845	2458	0.003691	2458	0.002558
2560	0.003387	2560	0.002522	2560	0.003443	2560	0.002129
2662	0.004025	2662	0.003095	2662	0.003174	2662	0.002321
2765	0.004469	2765	0.003411	2765	0.003501	2765	0.002497
2867	0.00449	2867	0.003288	2867	0.004179	2867	0.002641
2970	0.004173	2970	0.002942	2970	0.004815	2970	0.00269
3072	0.004117	3072	0.002486	3072	0.004945	3072	0.002822
3174	0.004173	3174	0.002382	3174	0.004498	3174	0.003119
3277	0.004259	3277	0.002369	3277	0.004018	3277	0.003527
3482	0.004338	3482	0.00247	3482	0.003599	3482	0.004109
3686	0.004484	3686	0.002441	3686	0.00345	3686	0.004216
3891	0.004514	3891	0.002635	3891	0.00351	3891	0.003999
4096	0.004269	4096	0.002958	4096	0.002913	4096	0.003958
4301	0.003941	4301	0.003712	4301	0.002623	4301	0.003959
4506	0.003598	4506	0.004034	4506	0.002572	4506	0.003602
4710	0.002897	4710	0.004219	4710	0.002433	4710	0.002987
4915	0.002297	4915	0.004461	4915	0.00215	4915	0.00262
5120	0.002114	5120	0.004753	5120	0.001727	5120	0.002507
5325	0.003045	5325	0.004954	5325	0.001907	5325	0.003061
5530	0.003809	5530	0.004253	5530	0.002404	5530	0.004074
5734	0.004432	5734	0.003511	5734	0.003025	5734	0.004535
5939	0.004012	5939	0.00341	5939	0.003433	5939	0.004267
6144	0.003933	6144	0.003888	6144	0.003813	6144	0.003708
6349	0.004024	6349	0.004086	6349	0.003549	6349	0.004153
6554	0.00415	6554	0.003858	6554	0.003131	6554	0.004751
6963	0.003662	6963	0.002581	6963	0.002545	6963	0.004634
7373	0.003229	7373	0.002046	7373	0.002238	7373	0.0038
7782	0.003706	7782	0.001718	7782	0.002149	7782	0.003462
8192	0.004277	8192	0.002072	8192	0.002131	8192	0.003945
8602	0.003757	8602	0.002694	8602	0.002307	8602	0.004001
9011	0.002432	9011	0.003111	9011	0.002349	9011	0.00347
9421	0.001719	9421	0.003499	9421	0.002225	9421	0.00303
9830	0.002009	9830	0.003592	9830	0.002138	9830	0.003324
10240	0.00266	10240	0.003327	10240	0.002339	10240	0.003361
10650	0.002844	10650	0.002612	10650	0.002165	10650	0.002882
11060	0.002921	11060	0.002249	11060	0.00322	11060	0.002654
11470	0.002625	11470	0.002232	11470	0.004348	11470	0.002789
11880	0.002725	11880	0.002359	11880	0.004687	11880	0.003236
12290	0.002772	12290	0.00237	12290	0.004746	12290	0.003198
12700	0.003071	12700	0.002418	12700	0.00495	12700	0.002989
13110	0.002997	13110	0.002893	13110	0.005318	13110	0.003009
13930	0.003084	13930	0.002635	13930	0.004111	13930	0.003025
14750	0.002662	14750	0.002915	14750	0.002989	14750	0.002858
15560	0.002444	15560	0.002423	15560	0.003179	15560	0.002638
16380	0.002129	16380	0.002284	16380	0.003592	16380	0.002782
17200	0.002337	17200	0.001848	17200	0.003428	17200	0.00315
18020	0.002305	18020	0.001868	18020	0.003019	18020	0.003249
18840	0.002651	18840	0.001941	18840	0.00283	18840	0.002925
19660	0.002273	19660	0.002237	19660	0.003445	19660	0.003006
20480	0.002369	20480	0.002341	20480	0.003336	20480	0.002683
21300	0.002451	21300	0.002422	21300	0.003025	21300	0.002507
22120	0.002823	22120	0.002142	22120	0.002933	22120	0.002331
22940	0.003386	22940	0.001674	22940	0.003454	22940	0.002375
23760	0.003075	23760	0.001574	23760	0.004311	23760	0.002627
24580	0.003094	24580	0.001628	24580	0.00384	24580	0.002215
25400	0.00265	25400	0.002242	25400	0.003587	25400	0.002118
26210	0.002576	26210	0.002436	26210	0.002746	26210	0.001981
27850	0.002409	27850	0.002321	27850	0.0022	27850	0.002286
29490	0.002106	29490	0.001777	29490	0.001924	29490	0.002315
31130	0.001926	31130	0.002052	31130	0.002494	31130	0.002361
32770	0.002263	32770	0.002126	32770	0.00294	32770	0.001933
34410	0.002744	34410	0.002572	34410	0.002954	34410	0.001685
36040	0.003048	36040	0.002503	36040	0.002487	36040	0.001493
37680	0.00281	37680	0.002707	37680	0.002021	37680	0.001581
39320	0.002518	39320	0.002429	39320	0.002225	39320	0.001489
40960	0.002238	40960	0.002279	40960	0.002103	40960	0.001752
42600	0.002131	42600	0.002012	42600	0.002334	42600	0.001845
44240	0.002014	44240	0.002153	44240	0.001983	44240	0.002223
45880	0.002131	45880	0.002147	45880	0.002034	45880	0.001903
47510	0.002068	47510	0.002565	47510	0.001871	47510	0.002293
49150	0.001971	49150	0.002742	49150	0.00208	49150	0.002044
50790	0.001692	50790	0.002539	50790	0.001986	50790	0.002206
52430	0.00168	52430	0.002321	52430	0.002165	52430	0.001743
55710	0.001514	55710	0.001859	55710	0.002291	55710	0.001749
58980	0.001497	58980	0.001869	58980	0.002471	58980	0.001612
62260	0.001782	62260	0.001622	62260	0.002267	62260	0.00176
65540	0.002029	65540	0.001899	65540	0.001786	65540	0.001703
68810	0.002297	68810	0.002005	68810	0.001631	68810	0.001749
72090	0.002385	72090	0.002018	72090	0.001759	72090	0.001759
75370	0.002429	75370	0.001899	75370	0.0019	75370	0.001699
78640	0.002192	78640	0.001822	78640	0.001749	78640	0.001536
81920	0.002031	81920	0.002082	81920	0.001399	81920	0.001526
85200	0.002011	85200	0.002135	85200	0.001201	85200	0.00133
88470	0.002136	88470	0.002138	88470	0.001048	88470	0.001493
91750	0.002036	91750	0.001749	91750	0.001405	91750	0.00166
95030	0.001957	95030	0.001891	95030	0.001435	95030	0.001864
98300	0.001922	98300	0.001834	98300	0.001602	98300	0.002031
101600	0.001908	101600	0.00219	101600	0.001219	101600	0.001963
104900	0.001815	104900	0.001994	104900	0.001315	104900	0.001942
111400	0.001849	111400	0.001983	111400	0.001171	111400	0.001739
118000	0.001508	118000	0.001933	118000	0.001506	118000	0.001678
124500	0.00144	124500	0.001907	124500	0.001499	124500	0.001579
131100	0.001223	131100	0.002347	131100	0.001475	131100	0.0017
137600	0.001394	137600	0.002313	137600	0.001215	137600	0.001519
144200	0.001544	144200	0.002465	144200	0.00121	144200	0.001689
150700	0.001614	150700	0.002476	150700	0.001501	150700	0.001387
157300	0.001607	157300	0.002561	157300	0.001622	157300	0.001415
163800	0.001756	163800	0.002412	163800	0.001601	163800	0.001234
170400	0.001606	170400	0.002404	170400	0.001627	170400	0.001155
176900	0.001699	176900	0.002367	176900	0.001601	176900	0.001326
183500	0.001586	183500	0.002727	183500	0.001705	183500	0.001664
190100	0.001863	190100	0.002446	190100	0.001629	190100	0.001997
196600	0.001882	196600	0.002529	196600	0.001655	196600	0.002082
203200	0.002006	203200	0.002374	203200	0.001568	203200	0.001973
209700	0.001877	209700	0.002609	209700	0.001659	209700	0.001887
222800	0.001718	222800	0.002571	222800	0.00165	222800	0.001563
235900	0.001559	235900	0.002565	235900	0.001879	235900	0.001328
249000	0.001541	249000	0.002448	249000	0.00189	249000	0.001443
262100	0.0016	262100	0.002416	262100	0.002027	262100	0.001521
275300	0.001779	275300	0.002539	275300	0.001987	275300	0.001643
288400	0.001811	288400	0.002593	288400	0.00194	288400	0.001648
301500	0.001818	301500	0.002689	301500	0.002075	301500	0.00164
314600	0.001888	314600	0.002585	314600	0.001881	314600	0.001691
327700	0.002103	327700	0.002549	327700	0.001812	327700	0.001798
340800	0.002244	340800	0.002384	340800	0.001506	340800	0.002023
353900	0.002343	353900	0.00224	353900	0.001323	353900	0.002115
367000	0.002213	367000	0.002115	367000	0.001188	367000	0.002021
380100	0.002152	380100	0.002193	380100	0.001137	380100	0.001998
393200	0.002082	393200	0.00248	393200	0.001355	393200	0.002124
406300	0.002194	406300	0.002629	406300	0.001435	406300	0.002154
419400	0.002261	419400	0.002821	419400	0.001629	419400	0.002051
445600	0.002254	445600	0.002773	445600	0.001903	445600	0.001773
471900	0.002256	471900	0.002759	471900	0.001925	471900	0.001777
498100	0.002217	498100	0.002594	498100	0.001922	498100	0.001985
524300	0.002006	524300	0.00247	524300	0.001778	524300	0.00211
550500	0.001933	550500	0.002523	550500	0.001869	550500	0.002219
576700	0.002006	576700	0.00273	576700	0.001978	576700	0.002443
602900	0.001986	602900	0.002984	602900	0.002175	602900	0.00262
629100	0.002016	629100	0.003175	629100	0.002389	629100	0.002766
655400	0.002107	655400	0.003423	655400	0.00248	655400	0.002639
681600	0.002423	681600	0.003513	681600	0.002469	681600	0.002679
707800	0.002568	707800	0.003649	707800	0.00255	707800	0.002706
734000	0.002689	734000	0.003681	734000	0.002623	734000	0.002863
760200	0.002811	760200	0.003712	760200	0.002565	760200	0.002881
786400	0.00286	786400	0.003686	786400	0.002335	786400	0.002836
812600	0.002842	812600	0.003564	812600	0.002132	812600	0.002722
838900	0.002626	838900	0.003478	838900	0.002218	838900	0.002628
891300	0.002289	891300	0.003438	891300	0.002411	891300	0.002592
943700	0.001868	943700	0.003394	943700	0.002501	943700	0.00269
996100	0.001697	996100	0.003467	996100	0.002171	996100	0.002847
1049000	0.001523	1049000	0.003353	1049000	0.002029	1049000	0.002998
1101000	0.00166	1101000	0.003159	1101000	0.001997	1101000	0.002925
1153000	0.001624	1153000	0.003035	1153000	0.002147	1153000	0.002798
1206000	0.001616	1206000	0.00306	1206000	0.00207	1206000	0.002403
1258000	0.00146	1258000	0.003141	1258000	0.001871	1258000	0.002159
1311000	0.001348	1311000	0.003062	1311000	0.001707	1311000	0.002048
1363000	0.001451	1363000	0.002944	1363000	0.001728	1363000	0.001998
1416000	0.001483	1416000	0.002661	1416000	0.001706	1416000	0.001845
1468000	0.001667	1468000	0.002284	1468000	0.001674	1468000	0.001611
1520000	0.001619	1520000	0.001827	1520000	0.001659	1520000	0.001296
1573000	0.001459	1573000	0.001422	1573000	0.001475	1573000	0.001042
1625000	0.0008673	1625000	0.0008605	1625000	0.0008879	1625000	0.000541
1678000	0.0004548	1678000	0.0004583	1678000	0.0004106	1678000	0.0003318
1783000	0	1783000	0	1783000	0	1783000	0
1887000	0	1887000	0	1887000	0	1887000	0
1992000	0	1992000	0	1992000	0	1992000	0
2097000	0	2097000	0	2097000	0	2097000	0
2202000	0	2202000	0	2202000	0	2202000	0
2307000	0	2307000	0	2307000	0	2307000	0
2412000	0	2412000	0	2412000	0	2412000	0
2517000	0	2517000	0	2517000	0	2517000	0
2621000	0	2621000	0	2621000	0	2621000	0
2726000	0	2726000	0	2726000	0	2726000	0
2831000	0	2831000	0	2831000	0	2831000	0
2936000	0	2936000	0	2936000	0	2936000	0
3041000	0	3041000	0	3041000	0	3041000	0
3146000	0	3146000	0	3146000	0	3146000	0
3251000	0	3251000	0	3251000	0	3251000	0
3355000	0	3355000	0	3355000	0	3355000	0
3565000	0	3565000	0	3565000	0	3565000	0
3775000	0	3775000	0	3775000	0	3775000	0
3985000	0	3985000	0	3985000	0	3985000	0
4194000	0	4194000	0	4194000	0	4194000	0
4404000	0	4404000	0	4404000	0	4404000	0
4614000	0	4614000	0	4614000	0	4614000	0
4823000	0	4823000	0	4823000	0	4823000	0
5033000	0	5033000	0	5033000	0	5033000	0
5243000	0	5243000	0	5243000	0	5243000	0
5453000	0	5453000	0	5453000	0	5453000	0
5662000	0	5662000	0	5662000	0	5662000	0
5872000	0	5872000	0	5872000	0	5872000	0
6082000	0	6082000	0	6082000	0	6082000	0
6291000	0	6291000	0	6291000	0	6291000	0
6501000	0	6501000	0	6501000	0	6501000	0
6711000	0	6711000	0	6711000	0	6711000	0
7130000	0	7130000	0	7130000	0	7130000	0
7550000	0	7550000	0	7550000	0	7550000	0
7969000	0	7969000	0	7969000	0	7969000	0
8389000	0	8389000	0	8389000	0	8389000	0
8808000	0	8808000	0	8808000	0	8808000	0
9227000	0	9227000	0	9227000	0	9227000	0
9647000	0	9647000	0	9647000	0	9647000	0
10070000	0	10070000	0	10070000	0	10070000	0
10490000	0	10490000	0	10490000	0	10490000	0
10910000	0	10910000	0	10910000	0	10910000	0
11320000	0	11320000	0	11320000	0	11320000	0
11740000	0	11740000	0	11740000	0	11740000	0
12160000	0	12160000	0	12160000	0	12160000	0
12580000	0	12580000	0	12580000	0	12580000	0
13000000	0	13000000	0	13000000	0	13000000	0
13420000	0	13420000	0	13420000	0	13420000	0
14260000	0	14260000	0	14260000	0	14260000	0
15100000	0	15100000	0	15100000	0	15100000	0
15940000	0	15940000	0	15940000	0	15940000	0
16780000	0	16780000	0	16780000	0	16780000	0
17620000	0	17620000	0	17620000	0	17620000	0
18450000	0	18450000	0	18450000	0	18450000	0
19290000	0	19290000	0	19290000	0	19290000	0
20130000	0	20130000	0	20130000	0	20130000	0
20970000	0	20970000	0	20970000	0	20970000	0
21810000	0	21810000	0	21810000	0	21810000	0
22650000	0	22650000	0	22650000	0	22650000	0
23490000	0	23490000	0	23490000	0	23490000	0
24330000	0	24330000	0	24330000	0	24330000	0
25170000	0	25170000	0	25170000	0	25170000	0
26000000	0	26000000	0	26000000	0	26000000	0
26840000	0	26840000	0	26840000	0	26840000	0
28520000	0	28520000	0	28520000	0	28520000	0
30200000	0	30200000	0	30200000	0	30200000	0
31880000	0	31880000	0	31880000	0	31880000	0
33550000	0	33550000	0	33550000	0	33550000	0
35230000	0	35230000	0	35230000	0	35230000	0
36910000	0	36910000	0	36910000	0	36910000	0
38590000	0	38590000	0	38590000	0	38590000	0
40270000	0	40270000	0	40270000	0	40270000	0
41940000	0	41940000	0	41940000	0	41940000	0
43620000	0	43620000	0	43620000	0	43620000	0
45300000	0	45300000	0	45300000	0	45300000	0
46980000	0	46980000	0	46980000	0	46980000	0
48650000	0	48650000	0	48650000	0	48650000	0
50330000	0	50330000	0	50330000	0	50330000	0
52010000	0	52010000	0	52010000	0	52010000	0
53690000	0	53690000	0	53690000	0	53690000	0
57040000	0	57040000	0	57040000	0	57040000	0
60400000	0	60400000	0	60400000	0	60400000	0
63750000	0	63750000	0	63750000	0	63750000	0
67110000	0	67110000	0	67110000	0	67110000	0
70460000	0	70460000	0	70460000	0	70460000	0
73820000	0	73820000	0	73820000	0	73820000	0
77180000	0	77180000	0	77180000	0	77180000	0
80530000	0	80530000	0	80530000	0	80530000	0
83890000	0	83890000	0	83890000	0	83890000	0
87240000	0	87240000	0	87240000	0	87240000	0
90600000	0	90600000	0	90600000	0	90600000	0
93950000	0	93950000	0	93950000	0	93950000	0
97310000	0	97310000	0	97310000	0	97310000	0
100700000	0	100700000	0	100700000	0	100700000	0
104000000	0	104000000	0	104000000	0	104000000	0
107400000	0	107400000	0	107400000	0	107400000	0
114100000	0	114100000	0	114100000	0	114100000	0
120800000	0	120800000	0	120800000	0	120800000	0
127500000	0	127500000	0	127500000	0	127500000	0
134200000	0	134200000	0	134200000	0	134200000	0
140900000	0	140900000	0	140900000	0	140900000	0
147600000	0	147600000	0	147600000	0	147600000	0
154400000	0	154400000	0	154400000	0	154400000	0
161100000	0	161100000	0	161100000	0	161100000	0
167800000	0	167800000	0	167800000	0	167800000	0
174500000	0	174500000	0	174500000	0	174500000	0
181200000	0	181200000	0	181200000	0	181200000	0
187900000	0	187900000	0	187900000	0	187900000	0
194600000	0	194600000	0	194600000	0	194600000	0
201300000	0	201300000	0	201300000	0	201300000	0
208000000	0	208000000	0	208000000	0	208000000	0
214700000	0	214700000	0	214700000	0	214700000	0
